loc_1:
  position: 
    x: -1.0370792003275802
    y: -1.6639148519682638
    z: 0
  orientation: 
    x: 0
    y: 0
    z: 0.9992295477856161
    w: 0.03924679390922388